---
title: Analysis of ChIP-seq data
navbar:
filters:
   - lightbox
lightbox: auto
tbl-cap-location: bottom
---

<style>
  code {
    white-space : pre-wrap !important;
    word-break: break-word;
  }
</style>

## Correlations of Motif positions and Flipping features

Our hypothesis is that flipping features inside or near motifs may determine binding affinity. To test this, we extracted all DNA sequences with motifs. Then we computed the average flipping feature across all positions in the motifs, and found the correlation between this average flipping feature and the binding affinity of the sequence for every sequence.

The ChIP-seq data used to create these results was a dataset of 886625 sequences, with each sequence having a length of 500 basepairs. To reduce the size of each sequence, 150 basepairs of flanking sequences were removed from either side of the sequence, leaving a total of 200 basepairs.

A total of 137 different cell lines and 64 TFs were represented in the ChIP-seq peaks. For each sequence, the presence of binding in each cell line was represented as a binary value. The binding affinity of the cell line (per TF) with the highest number of positive values was taken as the binding affinity of the sequence to a particular TF.

| TF   | Motif Matrix ID | Significance   |  Flip Correlation |  Flip P-value |  Coord Correlation |  Coord P-value |  Coord^2^ Correlation |  Coord^2^ P-value |
|:----------|:----------|:---------------|-------------------------:|---------------------:|--------------------------:|----------------------:|----------------------------------:|------------------------------:|
| ZBTB7A    | MA0750.2  | ***            |                   -0.219 |         0            |                    -0.222 |          0            |                            -0.221 |                  0            |
| ETS1      | MA0098.3  | ***            |                   -0.213 |         0            |                    -0.217 |          0            |                            -0.217 |                  0            |
| MAFK      | MA0496.3  | ***            |                    0.207 |         0            |                     0.227 |          0            |                             0.214 |                  0            |
| E2F6      | MA0471.2  | ***            |                   -0.2   |         0            |                    -0.191 |          0            |                            -0.203 |                  0            |
| NFYB      | MA0502.2  | ***            |                    0.18  |         0            |                     0.175 |          0            |                             0.178 |                  0            |
| POU2F2    | MA0507.2  | ***            |                   -0.16  |         4.36759e-247 |                    -0.153 |          2.38861e-226 |                            -0.164 |                  1.0688e-261  |
| CEBPB     | MA0466.3  | ***            |                    0.159 |         1.09438e-248 |                     0.166 |          2.32767e-271 |                             0.156 |                  5.07059e-239 |
| ELF1      | MA0473.3  | ***            |                   -0.151 |         0            |                    -0.148 |          2.21934e-318 |                            -0.155 |                  0            |
| GABPA     | MA0062.3  | ***            |                   -0.132 |         3.15451e-250 |                    -0.129 |          3.46623e-241 |                            -0.134 |                  3.95138e-259 |
| BATF      | MA1634.1  | ***            |                    0.131 |         0            |                     0.13  |          0            |                             0.125 |                  4.4871e-320  |
| EBF1      | MA0154.4  | ***            |                    0.122 |         2.19183e-247 |                     0.111 |          1.09086e-203 |                             0.123 |                  1.92057e-249 |
| SP1       | MA0079.5  | ***            |                   -0.122 |         0            |                    -0.122 |          0            |                            -0.124 |                  0            |
| JUND      | MA0491.2  | ***            |                   -0.115 |         2.80143e-284 |                    -0.118 |          4.99183e-296 |                            -0.12  |                  9.92263e-307 |
| ZBTB33    | MA0527.1  | **             |                    0.158 |         2.77515e-124 |                     0.164 |          2.23709e-134 |                             0.154 |                  2.7953e-118  |
| JUND      | MA0492.1  | **             |                   -0.13  |         9.99296e-186 |                    -0.129 |          2.99312e-183 |                            -0.129 |                  3.76444e-184 |
| MAX       | MA0058.3  | **             |                   -0.121 |         3.02992e-132 |                    -0.119 |          1.78912e-128 |                            -0.125 |                  2.40868e-141 |
| ATF3      | MA0605.2  | **             |                   -0.117 |         1.20309e-100 |                    -0.116 |          4.33041e-100 |                            -0.116 |                  3.12074e-99  |
| CTCF      | MA0139.1  | **             |                   -0.112 |         9.43515e-191 |                    -0.111 |          6.27638e-185 |                            -0.111 |                  1.07662e-187 |
| FOSL1     | MA0477.2  | **             |                   -0.111 |         3.0724e-137  |                    -0.113 |          4.83459e-143 |                            -0.118 |                  5.79912e-154 |
| MEF2A     | MA0052.4  | **             |                   -0.091 |         1.85054e-133 |                    -0.094 |          3.44107e-144 |                            -0.091 |                  9.31153e-136 |
| FOXA1     | MA0148.4  | **             |                   -0.089 |         7.15563e-105 |                    -0.093 |          5.66394e-115 |                            -0.093 |                  6.87981e-114 |
| TFAP2C    | MA0814.2  | **             |                   -0.078 |         8.25091e-105 |                    -0.074 |          1.93678e-96  |                            -0.078 |                  1.38586e-104 |
| CTCF      | MA1929.1  | **             |                   -0.078 |         2.00795e-104 |                    -0.077 |          1.99388e-103 |                            -0.076 |                  3.45796e-101 |
| CTCF      | MA1930.1  | *              |                   -0.08  |         7.67029e-97  |                    -0.08  |          4.11398e-96  |                            -0.079 |                  6.17608e-94  |
| THAP1     | MA0597.2  | *              |                   -0.076 |         3.37396e-85  |                    -0.076 |          1.63983e-84  |                            -0.077 |                  1.10762e-85  |
| ZNF143    | MA0088.2  | *              |                   -0.075 |         1.19298e-62  |                    -0.078 |          1.7465e-67   |                            -0.076 |                  2.25375e-63  |
| BHLHE40   | MA0464.2  | *              |                   -0.071 |         1.05203e-36  |                    -0.062 |          3.63039e-28  |                            -0.074 |                  2.64074e-40  |
| FOXA2     | MA0047.3  | *              |                   -0.067 |         1.60944e-59  |                    -0.068 |          5.33284e-61  |                            -0.075 |                  5.83597e-74  |
| TFAP2C    | MA0815.1  | *              |                   -0.062 |         6.62078e-57  |                    -0.063 |          3.23473e-57  |                            -0.062 |                  1.068e-56    |
| GATA2     | MA0036.3  | *              |                   -0.061 |         5.67575e-34  |                    -0.062 |          1.33564e-35  |                            -0.068 |                  1.85265e-42  |
| TFAP2C    | MA0524.2  | *              |                   -0.056 |         9.49061e-45  |                    -0.055 |          1.4853e-43   |                            -0.054 |                  3.88442e-41  |
| IRF4      | MA1419.1  | *              |                   -0.055 |         9.16276e-25  |                    -0.056 |          1.03468e-25  |                            -0.055 |                  7.89247e-25  |
| RUNX3     | MA0684.2  | *              |                    0.053 |         7.83515e-35  |                     0.072 |          1.39526e-62  |                             0.044 |                  4.13134e-24  |
| TCF12     | MA1648.1  | *              |                   -0.053 |         1.13241e-33  |                    -0.045 |          1.14874e-24  |                            -0.054 |                  4.76174e-35  |
| SRF       | MA0083.3  | *              |                   -0.046 |         4.68152e-13  |                    -0.044 |          8.24727e-12  |                            -0.049 |                  1.93211e-14  |
| RFX5      | MA0510.2  | *              |                   -0.041 |         5.98153e-14  |                    -0.041 |          1.0186e-13   |                            -0.043 |                  1.23803e-14  |
| FOSL2     | MA0478.1  | *              |                   -0.035 |         4.59591e-16  |                    -0.038 |          1.46457e-18  |                            -0.043 |                  1.09646e-23  |
| TCF7L2    | MA0523.1  | *              |                   -0.03  |         5.17712e-13  |                    -0.031 |          4.05744e-13  |                            -0.031 |                  1.73511e-13  |
| USF1      | MA0093.3  | *              |                   -0.029 |         2.2203e-14   |                    -0.031 |          1.46036e-16  |                            -0.033 |                  2.45195e-18  |
| EGR1      | MA0162.4  | *              |                   -0.026 |         2.45873e-10  |                    -0.029 |          7.66107e-13  |                            -0.028 |                  4.80071e-12  |
| NR2F2     | MA1111.1  |                |                   -0.023 |         1.21751e-07  |                    -0.022 |          5.21737e-07  |                            -0.026 |                  2.37705e-09  |
| PAX5      | MA0014.3  |                |                   -0.02  |         0.000190657  |                    -0.013 |          0.0130774    |                            -0.022 |                  4.00639e-05  |
| PRDM1     | MA0508.3  |                |                    0.016 |         0.000218144  |                     0.019 |          9.84675e-06  |                             0.017 |                  8.1423e-05   |
| HNF4A     | MA1494.1  |                |                   -0.013 |         0.00710976   |                    -0.01  |          0.0413124    |                            -0.016 |                  0.000885489  |
| USF2      | MA0526.4  |                |                   -0.008 |         0.0555673    |                    -0.008 |          0.0767562    |                            -0.011 |                  0.0128699    |
| TEAD4     | MA0809.2  |                |                   -0.008 |         0.0461113    |                    -0.008 |          0.0443172    |                            -0.009 |                  0.023208     |
| STAT3     | MA0144.2  |                |                    0.006 |         0.0628939    |                     0.003 |          0.348607     |                             0.005 |                  0.116561     |
| REST      | MA0138.2  |                |                   -0.006 |         0.113882     |                    -0.002 |          0.489563     |                            -0.006 |                  0.0743506    |
| HNF4A     | MA0114.4  |                |                   -0.005 |         0.28178      |                    -0.003 |          0.546721     |                            -0.009 |                  0.0345792    |
| PBX3      | MA1114.1  |                |                   -0.001 |         0.842046     |                     0.007 |          0.0448875    |                            -0.002 |                  0.569692     |


: Correlations of flipping features and binding affinity for motifs, averaged across the motif occurrences for a given motif (\*\*\*: p-value < 5e-200, \*\*: p-value < 5e-100, \*: p-value < 5e-10). {#tbl-letters}


Following these results, we decided to use the top 5 most highly correlated TFs, both positive and negative, to recreate the tests done in the gcPBM analysis.


::: {.callout-note icon=false collapse="true"}


## Correlation Results of Selected TFs

| TF   | Motif Matrix ID | Significance   |  Flip Correlation |  Flip P-value |  Coord Correlation |  Coord P-value |  Coord^2^ Correlation |  Coord^2^ P-value |
|:----------|:----------|:---------------|-------------------:|-------------------:|-------------------:|--------------------:|----------------------:|-----------------------:|
| MAFK      | MA0496.3  | ***            |                    0.207 |         0            |                     0.227 |          0            |                             0.214 |                  0            |
| NFYB      | MA0502.2  | ***            |                    0.18  |         0            |                     0.175 |          0            |                             0.178 |                  0            |
| CEBPB     | MA0466.3  | ***            |                    0.159 |         1.09438e-248 |                     0.166 |          2.32767e-271 |                             0.156 |                  5.07059e-239 |
| ZBTB33    | MA0527.1  | **             |                    0.158 |         2.77515e-124 |                     0.164 |          2.23709e-134 |                             0.154 |                  2.7953e-118  |
| BATF      | MA1634.1  | ***            |                    0.131 |         0            |                     0.13  |          0            |                             0.125 |                  4.4871e-320  |
| EBF1      | MA0154.4  | ***            |                    0.122 |         2.19183e-247 |                     0.111 |          1.09086e-203 |                             0.123 |                  1.92057e-249 |
| ZBTB7A    | MA0750.2  | ***            |                   -0.219 |         0            |                    -0.222 |          0            |                            -0.221 |                  0            |
| ETS1      | MA0098.3  | ***            |                   -0.213 |         0            |                    -0.217 |          0            |                            -0.217 |                  0            |
| E2F6      | MA0471.2  | ***            |                   -0.2   |         0            |                    -0.191 |          0            |                            -0.203 |                  0            |
| POU2F2    | MA0507.2  | ***            |                   -0.16  |         4.36759e-247 |                    -0.153 |          2.38861e-226 |                            -0.164 |                  1.0688e-261  |
| ELF1      | MA0473.3  | ***            |                   -0.151 |         0            |                    -0.148 |          2.21934e-318 |                            -0.155 |                  0            |

: The top 5 positive and top 5 negative most correlated TFs. ZBTB33 had a total positive sequence count of less than 3000, and was passed over for BATF. {#tbl-letters}

:::


::: {#fig-Correlation_position layout-ncol=3}
![](figs/phase4/top_sig_feat/MAFK_MA0496.3_motif_flip.png){group="correlation_position"}

![](figs/phase4/top_sig_feat/MAFK_MA0496.3_motif_coord.png){group="correlation_position"}

![](figs/phase4/top_sig_feat/MAFK_MA0496.3_motif_coordsq.png){group="correlation_position"}

![](figs/phase4/top_sig_feat/NFYB_MA0502.2_motif_flip.png){group="correlation_position"}

![](figs/phase4/top_sig_feat/NFYB_MA0502.2_motif_coord.png){group="correlation_position"}

![](figs/phase4/top_sig_feat/NFYB_MA0502.2_motif_coordsq.png){group="correlation_position"}

![](figs/phase4/top_sig_feat/CEBPB_MA0466.3_motif_flip.png){group="correlation_position"}

![](figs/phase4/top_sig_feat/CEBPB_MA0466.3_motif_coord.png){group="correlation_position"}

![](figs/phase4/top_sig_feat/CEBPB_MA0466.3_motif_coordsq.png){group="correlation_position"}

![](figs/phase4/top_sig_feat/BATF_MA1634.1_motif_flip.png){group="correlation_position"}

![](figs/phase4/top_sig_feat/BATF_MA1634.1_motif_coord.png){group="correlation_position"}

![](figs/phase4/top_sig_feat/BATF_MA1634.1_motif_coordsq.png){group="correlation_position"}

![](figs/phase4/top_sig_feat/EBF1_MA0154.4_motif_flip.png){group="correlation_position"}

![](figs/phase4/top_sig_feat/EBF1_MA0154.4_motif_coord.png){group="correlation_position"}

![](figs/phase4/top_sig_feat/EBF1_MA0154.4_motif_coordsq.png){group="correlation_position"}

![](figs/phase4/top_sig_feat/ZBTB7A_MA0750.2_motif_flip.png){group="correlation_position"}

![](figs/phase4/top_sig_feat/ZBTB7A_MA0750.2_motif_coord.png){group="correlation_position"}

![](figs/phase4/top_sig_feat/ZBTB7A_MA0750.2_motif_coordsq.png){group="correlation_position"}

![](figs/phase4/top_sig_feat/ETS1_MA0098.3_motif_flip.png){group="correlation_position"}

![](figs/phase4/top_sig_feat/ETS1_MA0098.3_motif_coord.png){group="correlation_position"}

![](figs/phase4/top_sig_feat/ETS1_MA0098.3_motif_coordsq.png){group="correlation_position"}

![](figs/phase4/top_sig_feat/E2F6_MA0471.2_motif_flip.png){group="correlation_position"}

![](figs/phase4/top_sig_feat/E2F6_MA0471.2_motif_coord.png){group="correlation_position"}

![](figs/phase4/top_sig_feat/E2F6_MA0471.2_motif_coordsq.png){group="correlation_position"}

![](figs/phase4/top_sig_feat/POU2F2_MA0507.2_motif_flip.png){group="correlation_position"}

![](figs/phase4/top_sig_feat/POU2F2_MA0507.2_motif_coord.png){group="correlation_position"}

![](figs/phase4/top_sig_feat/POU2F2_MA0507.2_motif_coordsq.png){group="correlation_position"}

![](figs/phase4/top_sig_feat/ELF1_MA0473.3_motif_flip.png){group="correlation_position"}

![](figs/phase4/top_sig_feat/ELF1_MA0473.3_motif_coord.png){group="correlation_position"}

![](figs/phase4/top_sig_feat/ELF1_MA0473.3_motif_coordsq.png){group="correlation_position"}

Barplots showing the correlation (and associated p-value) between flipping features and binding affinity for motifs, for each position in the motif.
:::

Our findings echo the gcPBM results, with different TF motifs having different correlations between flipping features and binding affinity, and different positions across the motif having different correlations.



## Data overview

The original ChIP-seq dataset used to create these results was a dataset of 886625 sequences, with each sequence having a length of 500 basepairs. To reduce the size of each sequence, 150 basepairs of flanking sequences were removed from either side of the sequence. To further reduce the number of sequences we had to simulate bubble data for, we filtered out sequences with positive label values for the TFs in question, making sure we had at least 3000 sequences with a positive hit for each TF. This criteria left us with 41268 sequences in total.


### Bubble data

As in the gcPBM analysis, we used a bubble length threshold of 10 and an amplitude of 3.5 Armstrong. We used a probability threshold at the 95th percentile to decide if a position was positive for a bubble or not. With this threshold, 16301 out of 41268 (39.50%) of the sequences had a bubble present.


### Motifs

We used the FIMO tool from the MEME suite to scan for motif presence. We used the following p-value thresholds to determine strong or weak motif matches:

p-value ≤ 1 x 10^-4 (strong motif match)

p-value > 1 x 10^-4 and ≤ 1 x 10^-3 (weak motif match)

The overall number of sequences with strong and weak motif matches per TF is shown below, along with label and bubble distributions:

|        |   Positive Labels |   Negative Labels |   Sequences with Bubbles |   Sequences with Strong Motifs |   Sequences with Weak Motifs |   Sequences with Strong and Weak Motifs |
|:-------|------------------:|------------------:|-------------------------:|-------------------------------:|-----------------------------:|----------------------------------------:|
| MAFK   |              3596 |             31735 |                    13938 |                           4217 |                         7243 |                                    1752 |
| NFYB   |              3166 |             32165 |                    13938 |                           2582 |                         6300 |                                     754 |
| CEBPB  |              3130 |             32201 |                    13938 |                            555 |                         4260 |                                      99 |
| BATF   |              5130 |             30201 |                    13938 |                           3874 |                         4857 |                                    2617 |
| EBF1   |              7641 |             27690 |                    13938 |                           5005 |                         3767 |                                    1756 |
| ZBTB7A |              4620 |             30711 |                    13938 |                           5752 |                        11238 |                                    2662 |
| ETS1   |              5733 |             29598 |                    13938 |                           2898 |                        13257 |                                    1282 |
| E2F6   |              6392 |             28939 |                    13938 |                           8053 |                         6036 |                                    2588 |
| POU2F2 |              8135 |             27196 |                    13938 |                           1409 |                         6305 |                                     487 |
| ELF1   |              8974 |             26357 |                    13938 |                           6306 |                         9892 |                                    1907 |

: The number of sequences with positive and negative labels, and the number of sequences with bubbles and motifs for each TF. {#tbl-motif_bubble}


## Statistical Investigations


### Fisher's exact test

#### The effect of the distance between bubbles and motifs for each sequence with both a bubble and a motif

We then investigated the effect of the distance between bubbles and motifs on binding affinity. To this end, we categorized the sequences using the label to be positive (label = 1) or negative (label = 0) sequences. We calculated the minimum distance between a motif and a bubble per sequence. We then defined close distances between motifs and bubbles using a maximum threshold, and then performed a fischer's exact test at different thresholds.

::: {#fig-Fischer layout-ncol=2}
![](figs/phase4/binding_posvneg_distance/MAFK_comparison.png){group="bubble_motif_distance2"}

![](figs/phase4/binding_posvneg_distance/ZBTB7A_comparison.png){group="bubble_motif_distance2"}

![](figs/phase4/binding_posvneg_distance/NFYB_comparison.png){group="bubble_motif_distance2"}

![](figs/phase4/binding_posvneg_distance/ETS1_comparison.png){group="bubble_motif_distance2"}

![](figs/phase4/binding_posvneg_distance/CEBPB_comparison.png){group="bubble_motif_distance2"}

![](figs/phase4/binding_posvneg_distance/E2F6_comparison.png){group="bubble_motif_distance2"}

![](figs/phase4/binding_posvneg_distance/BATF_comparison.png){group="bubble_motif_distance2"}

![](figs/phase4/binding_posvneg_distance/POU2F2_comparison.png){group="bubble_motif_distance2"}

![](figs/phase4/binding_posvneg_distance/EBF1_comparison.png){group="bubble_motif_distance2"}

![](figs/phase4/binding_posvneg_distance/ELF1_comparison.png){group="bubble_motif_distance2"}

Histograms showing the distribution of distances between bubbles and motifs for positive and negative sequences. The figures on the left represent TFs with high positive correlations with flipping, and the ones on the right represent TFs with high negative correlations. Within each figure, the left graph shows superimposed histograms for positive and negative sequences, while the right graph shows the proportion of sequences at each bin between the two groups. {#fig-Fischer}
:::

|    | MAFK             | NFYB            | CEBPB           | BATF             | EBF1             | ZBTB7A           | ETS1             | E2F6             | POU2F2           | ELF1             |
|---:|:-----------------|:----------------|:----------------|:-----------------|:-----------------|:-----------------|:-----------------|:-----------------|:-----------------|:-----------------|
|  ≤2 | 2.06 (0.000000*) | 1.24 (0.487532) | 0.94 (0.856865) | 1.37 (0.007911*) | 1.45 (0.071207)  | 1.08 (0.831588)  | 0.74 (0.435747)  | 0.68 (0.292924)  | 0.46 (0.000000*) | 0.80 (0.168073)  |
|  ≤3 | 2.05 (0.000000*) | 1.35 (0.316591) | 0.99 (1.000000) | 1.41 (0.002991*) | 1.47 (0.045767*) | 0.96 (1.000000)  | 0.80 (0.641321)  | 0.68 (0.309278)  | 0.47 (0.000000*) | 0.81 (0.154218)  |
|  ≤4 | 2.15 (0.000000*) | 1.49 (0.190674) | 1.09 (0.862653) | 1.41 (0.002870*) | 1.52 (0.027915*) | 1.16 (0.696677)  | 0.71 (0.369675)  | 0.62 (0.162184)  | 0.46 (0.000000*) | 0.87 (0.365053)  |
|  ≤5 | 2.23 (0.000000*) | 1.52 (0.158095) | 1.12 (0.862177) | 1.40 (0.003459*) | 1.46 (0.040780*) | 1.20 (0.575107)  | 0.69 (0.300255)  | 0.61 (0.139447)  | 0.46 (0.000000*) | 0.92 (0.543455)  |
| ≤10 | 2.23 (0.000000*) | 1.57 (0.097639) | 0.81 (0.519446) | 1.43 (0.000660*) | 1.38 (0.039015*) | 0.81 (0.637055)  | 0.79 (0.506116)  | 0.74 (0.258006)  | 0.45 (0.000000*) | 1.00 (1.000000)  |
| ≤20 | 2.03 (0.000000*) | 1.01 (1.000000) | 0.69 (0.238693) | 1.23 (0.042487*) | 1.23 (0.126020)  | 0.82 (0.511858)  | 0.87 (0.638748)  | 0.80 (0.267757)  | 0.47 (0.000000*) | 0.88 (0.296275)  |
| ≤40 | 2.02 (0.000000*) | 0.91 (0.690574) | 0.90 (0.773584) | 1.04 (0.732171)  | 1.08 (0.532403)  | 0.61 (0.048872*) | 0.57 (0.014629*) | 0.78 (0.136322)  | 0.49 (0.000005*) | 0.78 (0.024689*) |
| ≤80 | 1.86 (0.000000*) | 0.86 (0.494853) | 0.97 (1.000000) | 1.09 (0.507210)  | 1.05 (0.748841)  | 0.67 (0.101286)  | 0.65 (0.092995)  | 0.64 (0.010317*) | 0.44 (0.000292*) | 0.72 (0.012534*) |

: Summary of the results of the Fischer's Exact Test at different distance thresholds. (Odds Ratio (p-value), * represents significance at the 0.05 threshold.) {#tbl-letters}

MAFK and POU2F2 had significant results at almost all distance thresholds, BATF and EBF1 had significant results at nearer thresholds, and ZBTB7A, E2F6, and ELF1 had significant results at high distance thresholds.

#### Sorting out strongest motifs using p-value and testing for the effect of the distance between bubbles and motifs

We then sorted out the strongest motifs using the p-value and calculated the distance between these motifs and the nearest bubble. If no bubble was present in the sequence, we used the length of the sequence as the distance (200). We generated histograms of the distributions of these distances for positive and negative sequences and performed a Fischer's exact test with a threshold of <200. This threshold equates to either the motif and bubble co-occurred, or the motif and a bubble were not present on the sequence together.

::: {#fig-Fischer_motif layout-ncol=2}
![](figs/phase4/strong_motif_distances/MAFK_comparison.png){group="bubble_motif_distance"}

![](figs/phase4/strong_motif_distances/ZBTB7A_comparison.png){group="bubble_motif_distance"}

![](figs/phase4/strong_motif_distances/NFYB_comparison.png){group="bubble_motif_distance"}

![](figs/phase4/strong_motif_distances/ETS1_comparison.png){group="bubble_motif_distance"}

![](figs/phase4/strong_motif_distances/CEBPB_comparison.png){group="bubble_motif_distance"}

![](figs/phase4/strong_motif_distances/E2F6_comparison.png){group="bubble_motif_distance"}

![](figs/phase4/strong_motif_distances/BATF_comparison.png){group="bubble_motif_distance"}

![](figs/phase4/strong_motif_distances/POU2F2_comparison.png){group="bubble_motif_distance"}

![](figs/phase4/strong_motif_distances/EBF1_comparison.png){group="bubble_motif_distance"}

![](figs/phase4/strong_motif_distances/ELF1_comparison.png){group="bubble_motif_distance"}

Histograms showing the distribution of distances between the strongest motifs and their nearest bubbles for positive and negative sequences. {#fig-Fischer_motif}
:::

| TFs |   Odds Ratio |     P-value |
|:-------|-------------:|------------:|
| MAFK   |     4.73171  | 5.82458e-07* |
| NFYB   |     0.944681 | 1           |
| CEBPB  |     0.633909 | 0.0111072   |
| BATF   |     0.682746 | 0.07218     |
| EBF1   |     1.80972  | 0.737906    |
| ZBTB7A |     0        | 0.554826    |
| ETS1   |     0.148098 | 0.0050296*   |
| E2F6   |   nan        | 1           |
| POU2F2 |     0.404736 | 3.4226e-08*  |
| ELF1   |     0.284823 | 0.000819532* |

: Summary of the results of the Fischer's Exact Test at a distance threshold of <200 (* represents significance at the 0.05 threshold). {#tbl-letters}

The lack of many significant results might indicate that the strongest motif matches do not rely on bubbles to affect binding affinity. However, MAFK, ETS1, POU2F2, and ELF1 had significant results at this threshold.

## Logistic Regressions



### Bubble count and binding affinity

To account for the larger length of ChIP-seq sequences, we then conducted logistic regressions to see the degree to which the presence of multiple bubbles significantly affected binding affinity. To filter out the effect of motif presence, we used sequences with only weak motif matches, and then sequences with no motif matches, and correlated the number of bubbles with the binding affinity.

| Motif Match Type | MAFK  | NFYB    | CEBPB    | BATF     | EBF1    | ZBTB7A  | ETS1    | E2F6    | POU2F2  | ELF1   |
|:-----------------|:------|:--------|:---------|:---------|:--------|:--------|:--------|:--------|:--------|:-------|
| Weak Motifs      | 0.495* | -0.551* | -0.161*  | -0.126*  | 0.122*  | -1.180* | -1.083* | -1.265* | -0.328* | -1.060* |
| No Motifs        | 0.524* | -0.521* | -0.005   | 0.001    | -0.039* | -1.116* | -0.892* | -1.061* | -0.294* | -1.170* |

: Logistic regression results for the counts of bubbles while filtering sequences by the type of motif match. Each value represents the coefficients for the regression (* represents significance at the 0.05 threshold). {#tbl-letters}

::: {.callout-note icon=false collapse="true"}

## Detailed Regression Results sorted by TF

| TF     | Motif Match Type   |   Bubble Count coefficient |   std err |         z |    P-value |        0.025 |      0.975 |   Pseudo R-squared |   Log-Likelihood |
|:-------|:-------------------|---------------------------:|----------:|----------:|-----------:|-------------:|-----------:|-------------------:|-----------------:|
| MAFK   | Weak Motif Matches*  |                  0.495345  | 0.027744  |  17.8541  | 0          |  0.440966    |  0.549723  |           0.921186 |         -6616.08 |
| MAFK   | No Motif Matches*    |                  0.523514  | 0.0166922 |  31.3629  | 0          |  0.490798    |  0.556231  |           0.903299 |        -14192.8  |
| NFYB   | Weak Motif Matches*  |                 -0.550510  | 0.0539844 | -10.1976  | 0          | -0.656319    | -0.444700  |           0.936317 |         -5345.91 |
| NFYB   | No Motif Matches*    |                 -0.520877  | 0.040716  | -12.7929  | 0          | -0.600680    | -0.441073  |           0.918282 |        -11993.7  |
| CEBPB  | Weak Motif Matches*  |                 -0.160674  | 0.0266724 |  -6.02399 | 1.70168e-09| -0.212952    | -0.108396  |           0.944203 |         -4683.88 |
| CEBPB  | No Motif Matches     |                 -0.004604  | 0.0257527 |  -0.1788  | 0.858123   | -0.055079    |  0.045872  |           0.911450 |        -12996.5  |
| BATF   | Weak Motif Matches*  |                 -0.125854  | 0.0261578 |  -4.81135 | 1.49912e-06| -0.177123    | -0.074585  |           0.943871 |         -4711.79 |
| BATF   | No Motif Matches     |                  0.000951  | 0.0182728 |   0.05202 | 0.958512   | -0.034864    |  0.036765  |           0.924812 |        -11035.3  |
| EBF1   | Weak Motif Matches*  |                  0.121690  | 0.0232512 |   5.23371 | 1.66143e-07|  0.076118    |  0.167262  |           0.940932 |         -4958.53 |
| EBF1   | No Motif Matches*    |                 -0.039068  | 0.0153409 |  -2.54667 | 0.0108756  | -0.069137    | -0.009000  |           0.930038 |        -10268.2  |
| ZBTB7A | Weak Motif Matches*  |                 -1.179730  | 0.0696529 | -16.9372  | 0          | -1.316250    | -1.043210  |           0.943139 |         -4773.22 |
| ZBTB7A | No Motif Matches*    |                 -1.116160  | 0.0555158 | -20.1053  | 0          | -1.224970    | -1.007350  |           0.926092 |        -10847.5  |
| ETS1   | Weak Motif Matches*  |                 -1.082680  | 0.0645887 | -16.7626  | 0          | -1.209270    | -0.956084  |           0.943543 |         -4739.34 |
| ETS1   | No Motif Matches*    |                 -0.892479  | 0.0358146 | -24.9194  | 0          | -0.962675    | -0.822282  |           0.934151 |         -9664.71 |
| E2F6   | Weak Motif Matches*  |                 -1.264680  | 0.0626137 | -20.1981  | 0          | -1.387400    | -1.141960  |           0.946323 |         -4505.93 |
| E2F6   | No Motif Matches*    |                 -1.060670  | 0.0455825 | -23.2691  | 0          | -1.150010    | -0.971324  |           0.931287 |           -10085 |
| POU2F2 | Weak Motif Matches*  |                 -0.328031  | 0.0327503 | -10.0161  | 0          | -0.392222    | -0.263841  |           0.944565 |         -4653.52 |
| POU2F2 | No Motif Matches*    |                 -0.294272  | 0.0171004 | -17.2085  | 0          | -0.327789    | -0.260755  |           0.933407 |         -9773.77 |
| ELF1   | Weak Motif Matches*  |                 -1.060450  | 0.0488179 | -21.7226  | 0          | -1.156130    | -0.964768  |           0.947383 |         -4416.97 |
| ELF1   | No Motif Matches*    |                 -1.169940  | 0.0347403 | -33.6766  | 0          | -1.238030    | -1.101840  |           0.937057 |          -9238.2 |


:::

::: {.callout-note icon=false collapse="true"}

## Detailed Regression Results sorted by Motif Match Type

| TF     | Selection Criteria   |   Bubble Count coefficient |   std err |         z |    P-value |        0.025 |      0.975 |   Pseudo R-squared |   Log-Likelihood |
|:-------|:---------------------|---------------------------:|----------:|----------:|-----------:|-------------:|-----------:|-------------------:|-----------------:|
| MAFK   | Weak Motif Matches*   |                  0.495345  | 0.027744  |  17.8541  | 0          |  0.440966    |  0.549723  |           0.921186 |         -6616.08 |
| NFYB   | Weak Motif Matches*   |                 -0.550510  | 0.0539844 | -10.1976  | 0          | -0.656319    | -0.444700  |           0.936317 |         -5345.91 |
| CEBPB  | Weak Motif Matches*   |                 -0.160674  | 0.0266724 |  -6.02399 | 1.70168e-09| -0.212952    | -0.108396  |           0.944203 |         -4683.88 |
| BATF   | Weak Motif Matches*   |                 -0.125854  | 0.0261578 |  -4.81135 | 1.49912e-06| -0.177123    | -0.074585  |           0.943871 |         -4711.79 |
| EBF1   | Weak Motif Matches*   |                  0.121690  | 0.0232512 |   5.23371 | 1.66143e-07|  0.076118    |  0.167262  |           0.940932 |         -4958.53 |
| ZBTB7A | Weak Motif Matches*   |                 -1.179730  | 0.0696529 | -16.9372  | 0          | -1.316250    | -1.043210  |           0.943139 |         -4773.22 |
| ETS1   | Weak Motif Matches*   |                 -1.082680  | 0.0645887 | -16.7626  | 0          | -1.209270    | -0.956084  |           0.943543 |         -4739.34 |
| E2F6   | Weak Motif Matches*   |                 -1.264680  | 0.0626137 | -20.1981  | 0          | -1.387400    | -1.141960  |           0.946323 |         -4505.93 |
| POU2F2 | Weak Motif Matches*   |                 -0.328031  | 0.0327503 | -10.0161  | 0          | -0.392222    | -0.263841  |           0.944565 |         -4653.52 |
| ELF1   | Weak Motif Matches*   |                 -1.060450  | 0.0488179 | -21.7226  | 0          | -1.156130    | -0.964768  |           0.947383 |         -4416.97 |
| MAFK   | No Motif Matches*     |                  0.523514  | 0.0166922 |  31.3629  | 0          |  0.490798    |  0.556231  |           0.903299 |        -14192.8  |
| NFYB   | No Motif Matches*     |                 -0.520877  | 0.040716  | -12.7929  | 0          | -0.600680    | -0.441073  |           0.918282 |        -11993.7  |
| CEBPB  | No Motif Matches      |                 -0.004604  | 0.0257527 |  -0.1788  | 0.858123   | -0.055079    |  0.045872  |           0.911450 |        -12996.5  |
| BATF   | No Motif Matches      |                  0.000951  | 0.0182728 |   0.05202 | 0.958512   | -0.034864    |  0.036765  |           0.924812 |        -11035.3  |
| EBF1   | No Motif Matches*     |                 -0.039068  | 0.0153409 |  -2.54667 | 0.0108756  | -0.069137    | -0.009000  |           0.930038 |        -10268.2  |
| ZBTB7A | No Motif Matches*     |                 -1.116160  | 0.0555158 | -20.1053  | 0          | -1.224970    | -1.007350  |           0.926092 |        -10847.5  |
| ETS1   | No Motif Matches*     |                 -0.892479  | 0.0358146 | -24.9194  | 0          | -0.962675    | -0.822282  |           0.934151 |         -9664.71 |
| E2F6   | No Motif Matches*     |                 -1.060670  | 0.0455825 | -23.2691  | 0          | -1.150010    | -0.971324  |           0.931287 |           -10085 |
| POU2F2 | No Motif Matches*     |                 -0.294272  | 0.0171004 | -17.2085  | 0          | -0.327789    | -0.260755  |           0.933407 |         -9773.77 |
| ELF1   | No Motif Matches*     |                 -1.169940  | 0.0347403 | -33.6766  | 0          | -1.238030    | -1.101840  |           0.937057 |          -9238.2 |

:::

We notice the overall trend of bubble correlations remains consistent with the previous results. The top 5 TFs with positive flipping correlation maintain positive bubble correlations, except for NFYB, which has very weak correlations, and CTCF. The top 5 TFs with negative flipping correlation maintain negative bubble correlations.


### Distance between bubbles and motifs

We then conducted logistic regressions to see the degree to which the distance between bubbles and motifs significantly affected binding affinity. We first isolated the strongest motif match (by p-value) in a sequence, and then calculated the distance between this motif and the nearest bubble. We then turned this distance into a binary variable, with different thresholds for the distance. We then performed logistic regressions to see the effect of this distance on binding affinity.

|   Threshold | Motif Type    | MAFK      | NFYB       | CEBPB      | BATF       |      EBF1 | ZBTB7A     | ETS1       | E2F6       | POU2F2     | ELF1       |
|------------:|:--------------|:----------|:-----------|:-----------|:-----------|----------:|:-----------|:-----------|:-----------|:-----------|:-----------|
|           ≤5 | All Motifs    | 1.074231* | -1.049905* | -0.421158* | -0.244136* |  0.190145 | -1.537699* | -1.672718* | -1.598049* | -0.714561* | -1.569034* |
|           ≤5 | Strong Motifs | 1.112988* | -0.808831* | 0.025118   | 0.021337   |  0.322322 | -1.077431* | -1.795505* | -1.822508* | -1.102476* | -1.541113* |
|           ≤5 | Weak Motifs   | 1.129009* | -1.042947* | -0.459902* | -0.355736* | -0.49827  | -1.579333* | -1.480547* | -0.85461   | -0.564462* | -1.571038* |
